<?xml version="1.0"?>
<opencv_storage>
<D1 type_id="opencv-matrix">
  <rows>1</rows>
  <cols>5</cols>
  <dt>d</dt>
  <data>
    9.6108212210678709e-002 -7.2710113902333806e-001 0. 0.
    1.3537230157338287e+000</data></D1>
</opencv_storage>
