<?xml version="1.0"?>
<opencv_storage>
<D2 type_id="opencv-matrix">
  <rows>1</rows>
  <cols>5</cols>
  <dt>d</dt>
  <data>
    1.5173333667008074e-001 -2.2163496224973862e+000 0. 0.
    8.9363723009175651e+000</data></D2>
</opencv_storage>
