%YAML:1.0
R: !!opencv-matrix
   rows: 3
   cols: 3
   dt: d
   data: [ 9.9879348331172402e-001, 5.2947259840295229e-003,
       4.8821548221937995e-002, -1.3096024516083354e-003,
       9.9668884877985842e-001, -8.1299591999587417e-002,
       -4.9090351755224935e-002, 8.1137565865847111e-002,
       9.9549326103691615e-001 ]
T: !!opencv-matrix
   rows: 3
   cols: 1
   dt: d
   data: [ 4.6006721379356308e-004, 7.6340277836611214e+000,
       1.7615389447958587e+000 ]
R1: !!opencv-matrix
   rows: 3
   cols: 3
   dt: d
   data: [ 9.9965367429448682e-001, 8.7544950913933973e-003,
       2.4817136926463524e-002, -1.2254901278337440e-002,
       9.8941258356121753e-001, 1.4461174532303606e-001,
       -2.3288384748416418e-002, -1.4486579412135631e-001,
       9.8917721002325898e-001 ]
R2: !!opencv-matrix
   rows: 3
   cols: 3
   dt: d
   data: [ 9.9970553915377736e-001, 5.3987356249550989e-003,
       -2.3657739513894313e-002, 5.8722277422613295e-005,
       9.7439566203358274e-001, 2.2484014401754443e-001,
       2.4265851251286663e-002, -2.2477532663481509e-001,
       9.7410842363633365e-001 ]
P1: !!opencv-matrix
   rows: 3
   cols: 4
   dt: d
   data: [ 4.6333433559470592e+002, 0., 3.2548274993896484e+002, 0., 0.,
       4.6333433559470592e+002, 1.2161318397521973e+002, 0., 0., 0., 1.,
       0. ]
P2: !!opencv-matrix
   rows: 3
   cols: 4
   dt: d
   data: [ 4.6333433559470592e+002, 0., 3.2548274993896484e+002, 0., 0.,
       4.6333433559470592e+002, 7.9460031747817993e+001,
       3.6300522763741978e+003, 0., 0., 1., 0. ]
Q: !!opencv-matrix
   rows: 4
   cols: 4
   dt: d
   data: [ 1., 0., 0., -3.2548274993896484e+002, 0., 1., 0.,
       -1.2161318397521973e+002, 0., 0., 0., 4.6333433559470592e+002, 0.,
       0., -1.2763847468816558e-001, 5.3803640536036061e+000 ]
