%YAML:1.0
M1: !!opencv-matrix
   rows: 3
   cols: 3
   dt: d
   data: [ 5.0686442082163001e+002, 0., 3.3435531725662594e+002, 0.,
       5.0686442082163001e+002, 2.1069740024721679e+002, 0., 0., 1. ]
D1: !!opencv-matrix
   rows: 1
   cols: 5
   dt: d
   data: [ -3.8231742534090046e-003, -1.7800904895091627e-001,
       4.2993662087699322e-004, 9.6682291059872194e-003,
       3.6582192679208891e-001 ]
M2: !!opencv-matrix
   rows: 3
   cols: 3
   dt: d
   data: [ 7.4837946340534324e+002, 0., 3.1048366285765002e+002, 0.,
       7.4837946340534324e+002, 1.9697338941577041e+002, 0., 0., 1. ]
D2: !!opencv-matrix
   rows: 1
   cols: 5
   dt: d
   data: [ 1.4179853125820777e-001, -1.9907429963660646e+000,
       -1.9240892147236684e-002, 6.2876356819637561e-003,
       7.0270794298596453e+000 ]
