<?xml version="1.0"?>
<opencv_storage>
<M1 type_id="opencv-matrix">
  <rows>3</rows>
  <cols>3</cols>
  <dt>d</dt>
  <data>
    5.1286994457400704e+002 0. 3.1729101684302896e+002 0.
    5.1286994457400704e+002 2.0683152667816259e+002 0. 0. 1.</data></M1>
</opencv_storage>
