<?xml version="1.0"?>
<opencv_storage>
<M2 type_id="opencv-matrix">
  <rows>3</rows>
  <cols>3</cols>
  <dt>d</dt>
  <data>
    7.5830922043035605e+002 0. 2.9634988321442768e+002 0.
    7.5830922043035605e+002 2.2904656054727917e+002 0. 0. 1.</data></M2>
</opencv_storage>
