%YAML:1.0
CM1: !!opencv-matrix
   rows: 3
   cols: 3
   dt: d
   data: [ 5.0417449490305250e+002, 0., 3.1233330407094689e+002, 0.,
       5.0064580202626070e+002, 2.2501278616807753e+002, 0., 0., 1. ]
D1: !!opencv-matrix
   rows: 1
   cols: 5
   dt: d
   data: [ 4.4478872250396935e-002, -1.0537438782177412e-001,
       2.6811981687931024e-003, -4.6417528149519409e-003,
       -1.2659053449245100e-001 ]
