%YAML:1.0
CM1: !!opencv-matrix
   rows: 3
   cols: 3
   dt: d
   data: [ 5.2347366051751953e+002, 0., 3.0204145847682759e+002, 0.,
       5.1767513119585624e+002, 2.1197007109171133e+002, 0., 0., 1. ]
CM2: !!opencv-matrix
   rows: 3
   cols: 3
   dt: d
   data: [ 4.9551011947890618e+002, 0., 2.9778814041459748e+002, 0.,
       4.9155784971557858e+002, 2.1766852320548523e+002, 0., 0., 1. ]
D1: !!opencv-matrix
   rows: 1
   cols: 5
   dt: d
   data: [ -5.0973667833208169e-001, 3.6221884266028055e+000, 0., 0.,
       -8.0001569118437441e+000 ]
D2: !!opencv-matrix
   rows: 1
   cols: 5
   dt: d
   data: [ -4.3165561233750671e-001, 3.1582609639078814e+000, 0., 0.,
       -8.8424947312025495e+000 ]
R: !!opencv-matrix
   rows: 3
   cols: 3
   dt: d
   data: [ 9.9994728926136600e-001, -3.9333203386374693e-003,
       -9.4840755985814342e-003, 3.4888560439809290e-003,
       9.9891527692464066e-001, -4.6433795990343189e-002,
       9.6564269971001534e-003, 4.6398259856185280e-002,
       9.9887634615099763e-001 ]
T: !!opencv-matrix
   rows: 3
   cols: 1
   dt: d
   data: [ 6.5574377070273276e-002, -1.4118865325871301e+000,
       -6.7603086571923310e-001 ]
E: !!opencv-matrix
   rows: 3
   cols: 3
   dt: d
   data: [ -1.1275204858334283e-002, 6.0978848121310625e-001,
       -1.4416907401524159e+000, -6.7662844581802106e-001,
       -3.8349103353386158e-004, -5.9089166331626669e-002,
       1.4120408905669020e+000, 5.9949845015839540e-002,
       -1.6435305858750259e-002 ]
F: !!opencv-matrix
   rows: 3
   cols: 3
   dt: d
   data: [ -4.3224085609189850e-006, 2.3638402421269971e-004,
       -3.3811403700474529e-001, -2.6147460624716091e-004,
       -1.4985526707016445e-007, 6.7054797448978534e-002,
       3.2642813988496633e-001, -5.8844327754252711e-002, 1. ]
R1: !!opencv-matrix
   rows: 3
   cols: 3
   dt: d
   data: [ 9.9933311679212677e-001, 3.6425570842106819e-002,
       2.5494060798454607e-003, -3.4540682925190733e-002,
       9.2035685819904300e-001, 3.8955127363294312e-001,
       1.1843264144429580e-002, -3.8937954665700319e-001,
       9.2100125175788550e-001 ]
R2: !!opencv-matrix
   rows: 3
   cols: 3
   dt: d
   data: [ 9.9911298900676693e-001, 3.9754209967543461e-002,
       1.3886611819320100e-002, -4.1853454338097625e-002,
       9.0114967403935342e-001, 4.3148296992898327e-001,
       4.6393488694846793e-003, -4.3168144246495421e-001,
       9.0201419538355587e-001 ]
P1: !!opencv-matrix
   rows: 3
   cols: 4
   dt: d
   data: [ 3.5612871179618952e+002, 0., 3.3514018173515797e+002, 0., 0.,
       3.5612871179618952e+002, 9.3483986377716064e+001, 0., 0., 0., 1.,
       0. ]
P2: !!opencv-matrix
   rows: 3
   cols: 4
   dt: d
   data: [ 3.5612871179618952e+002, 0., 3.3514018173515797e+002, 0., 0.,
       3.5612871179618952e+002, 9.3483986377716064e+001,
       -5.5796872210895947e+002, 0., 0., 1., 0. ]
Q: !!opencv-matrix
   rows: 4
   cols: 4
   dt: d
   data: [ 1., 0., 0., -3.3514018173515797e+002, 0., 1., 0.,
       -9.3483986377716064e+001, 0., 0., 0., 3.5612871179618952e+002, 0.,
       0., 6.3825927455239173e-001, 0. ]
