<?xml version="1.0"?>
<opencv_storage>
<P1 type_id="opencv-matrix">
  <rows>3</rows>
  <cols>4</cols>
  <dt>d</dt>
  <data>
    5.1286994457400704e+002 0. 3.1251171302795410e+002 0. 0.
    5.1286994457400704e+002 1.3341471672058105e+002 0. 0. 0. 1. 0.</data></P1>
</opencv_storage>
