<?xml version="1.0"?>
<opencv_storage>
<P2 type_id="opencv-matrix">
  <rows>3</rows>
  <cols>4</cols>
  <dt>d</dt>
  <data>
    5.1286994457400704e+002 0. 3.1251171302795410e+002 0. 0.
    5.1286994457400704e+002 8.3848238945007324e+001
    3.9917276698131095e+003 0. 0. 1. 0.</data></P2>
</opencv_storage>
