<?xml version="1.0"?>
<opencv_storage>
<Q type_id="opencv-matrix">
  <rows>4</rows>
  <cols>4</cols>
  <dt>d</dt>
  <data>
    1. 0. 0. -3.1251171302795410e+002 0. 1. 0. -1.3341471672058105e+002
    0. 0. 0. 5.1286994457400704e+002 0. 0. -1.2848320000698327e-001
    6.3684596776807316e+000</data></Q>
</opencv_storage>
