<?xml version="1.0"?>
<opencv_storage>
<R1 type_id="opencv-matrix">
  <rows>3</rows>
  <cols>3</cols>
  <dt>d</dt>
  <data>
    9.9984456918547016e-001 -7.2987118198447375e-003
    1.6048871489688470e-002 5.1784874460088851e-003
    9.9171015886471925e-001 1.2839059183711671e-001
    -1.6852914824836841e-002 -1.2828752710331753e-001
    9.9159381283448023e-001</data></R1>
</opencv_storage>
