<?xml version="1.0"?>
<opencv_storage>
<R2 type_id="opencv-matrix">
  <rows>3</rows>
  <cols>3</cols>
  <dt>d</dt>
  <data>
    9.9976049601950889e-001 -1.2150008346690265e-002
    -1.8202414565125832e-002 1.6399206293226283e-002
    9.6667853763781353e-001 2.5546755352367273e-001
    1.4491950585671905e-002 -2.5570487317920587e-001
    9.6664626477353577e-001</data></R2>
</opencv_storage>
