%YAML:1.0
affine: !!opencv-matrix
   rows: 2
   cols: 3
   dt: d
   data: [ 1., 0., 0., -2.7928364076948930e-016, 9.9999999999999989e-001,
       1.4900702031473949e-013 ]
