%YAML:1.0
calibration_time: "01/13/14 15:56:24"
nframes: 10
image_width: 640
image_height: 480
board_width: 4
board_height: 5
square_size: 2.5000000372529030e-002
flags: 0
camera_matrix: !!opencv-matrix
   rows: 3
   cols: 3
   dt: d
   data: [ 9.0588583062016914e+002, 0., 2.4924333625698981e+002, 0.,
       8.8202139788871239e+002, 3.2610203900938671e+002, 0., 0., 1. ]
distortion_coefficients: !!opencv-matrix
   rows: 5
   cols: 1
   dt: d
   data: [ 5.2608281422523804e-003, -4.5484422412543918e-001,
       9.5451187367475900e-003, -1.4052034418342225e-002,
       2.2671865010541272e+000 ]
avg_reprojection_error: 1.3705989767520449e-001
per_view_reprojection_errors: !!opencv-matrix
   rows: 10
   cols: 1
   dt: f
   data: [ 9.68692452e-002, 1.40886769e-001, 8.79139379e-002,
       1.37415558e-001, 1.27016827e-001, 1.12654135e-001,
       1.44134983e-001, 1.42708331e-001, 1.85681239e-001,
       1.66033775e-001 ]
# a set of 6-tuples (rotation vector + translation vector) for each view
extrinsic_parameters: !!opencv-matrix
   rows: 10
   cols: 6
   dt: d
   data: [ 2.2459027277546170e-001, 2.1340591455199141e-002,
       -1.1068579973602781e-001, 1.9713836051095140e-002,
       -9.6148326969370618e-002, 7.4811096753579276e-001,
       1.4346137288486138e-001, 6.7585977179152296e-002,
       -1.3244143787672721e-001, 3.5515652964466952e-002,
       -1.0144195563727527e-001, 7.5912097981914417e-001,
       2.0118346473851292e-001, 4.3150984430966856e-002,
       -1.1991725666562118e-001, 1.0039586771612531e-001,
       -8.3413358208095242e-002, 7.6165695867502559e-001,
       1.9107153796201565e-001, 3.6845247389636959e-002,
       -6.7006294416575601e-002, 1.6169631252342975e-001,
       -1.1084227842630570e-001, 7.5550695150018088e-001,
       5.8976352691753164e-001, 8.8546946700729212e-002,
       3.0926192027859897e-002, 1.7035443991207022e-001,
       -1.6364305767890833e-001, 6.5887671149532290e-001,
       4.3774597298622514e-001, 1.2438410547559398e-001,
       -6.8557596031331450e-002, 1.4115394031997974e-001,
       -2.0906209474509449e-001, 6.5890180607285032e-001,
       4.6596646743015147e-001, 7.1629266921538440e-002,
       -4.1261198164221649e-002, 7.5947127994106620e-002,
       -1.8705166270708748e-001, 6.4001485719534668e-001,
       3.6537551891315762e-001, -4.3873228404390459e-002,
       -9.2847544894945178e-002, -7.0466910117672277e-003,
       -1.7785759287141945e-001, 6.1934746712588618e-001,
       3.9890753708894888e-001, -1.4026136079766199e-001,
       -9.1297146545839869e-002, -7.0654951851072872e-002,
       -1.7897935193897380e-001, 5.7776200631923247e-001,
       2.3386527097332521e-001, -2.7412068237741011e-001,
       -1.3971549747195994e-001, -7.8604417095364670e-002,
       -1.4962845234613939e-001, 5.3865240673682613e-001 ]
image_points: !!opencv-matrix
   rows: 10
   cols: 20
   dt: "2f"
   data: [ 2.72879150e+002, 2.13276047e+002, 3.02783173e+002,
       2.09991653e+002, 3.32616699e+002, 2.07022293e+002,
       3.62583527e+002, 2.03825333e+002, 2.76135101e+002,
       2.42191544e+002, 3.05800934e+002, 2.39112915e+002,
       3.35472046e+002, 2.36180862e+002, 3.65256958e+002,
       2.33092346e+002, 2.79330292e+002, 2.70799194e+002,
       3.08737946e+002, 2.67733887e+002, 3.38367950e+002,
       2.64797760e+002, 3.67860596e+002, 2.61700958e+002,
       2.82471008e+002, 2.99144348e+002, 3.11817566e+002,
       2.96075287e+002, 3.41195648e+002, 2.93042847e+002,
       3.70423523e+002, 2.89781128e+002, 2.85567657e+002,
       3.26863464e+002, 3.14701050e+002, 3.23927185e+002,
       3.43794342e+002, 3.20978912e+002, 3.72844360e+002,
       3.17856293e+002, 2.91085205e+002, 2.08621078e+002,
       3.20565033e+002, 2.04830292e+002, 3.50072388e+002,
       2.01347977e+002, 3.79583160e+002, 1.97534958e+002,
       2.95102783e+002, 2.37489441e+002, 3.24448242e+002,
       2.33738190e+002, 3.53804901e+002, 2.30303497e+002,
       3.83278687e+002, 2.26431824e+002, 2.99079193e+002,
       2.65900269e+002, 3.28317261e+002, 2.62382233e+002,
       3.57541870e+002, 2.58737946e+002, 3.86768555e+002,
       2.55034668e+002, 3.03001953e+002, 2.94340454e+002,
       3.32165222e+002, 2.90656433e+002, 3.61199066e+002,
       2.87110748e+002, 3.90293243e+002, 2.83533203e+002,
       3.06883789e+002, 3.22379364e+002, 3.35745636e+002,
       3.18599091e+002, 3.64696503e+002, 3.15194885e+002,
       3.93721039e+002, 3.11600555e+002, 3.67532837e+002,
       2.30274307e+002, 3.96828430e+002, 2.27035721e+002,
       4.26099884e+002, 2.23715897e+002, 4.55351379e+002,
       2.20608597e+002, 3.70552612e+002, 2.58616882e+002,
       3.99545959e+002, 2.55381027e+002, 4.28769318e+002,
       2.52333206e+002, 4.57817810e+002, 2.49152130e+002,
       3.73431671e+002, 2.86683350e+002, 4.02437286e+002,
       2.83516510e+002, 4.31434113e+002, 2.80449280e+002,
       4.60282593e+002, 2.77244537e+002, 3.76384094e+002,
       3.14468292e+002, 4.05264221e+002, 3.11314240e+002,
       4.33960846e+002, 3.08204102e+002, 4.62610535e+002,
       3.05058868e+002, 3.79167542e+002, 3.41911102e+002,
       4.07802734e+002, 3.38681458e+002, 4.36364227e+002,
       3.35538940e+002, 4.64904846e+002, 3.32400085e+002,
       4.40283417e+002, 1.98451431e+002, 4.69725098e+002,
       1.96645859e+002, 4.99001373e+002, 1.95264282e+002,
       5.28490356e+002, 1.93535019e+002, 4.41469238e+002,
       2.27310242e+002, 4.70773590e+002, 2.25626968e+002,
       4.99954498e+002, 2.23957108e+002, 5.29061707e+002,
       2.22475525e+002, 4.42594910e+002, 2.55738831e+002,
       4.71836823e+002, 2.54292114e+002, 5.01008667e+002,
       2.52492661e+002, 5.29839172e+002, 2.50897491e+002,
       4.43587067e+002, 2.84060120e+002, 4.72538605e+002,
       2.82390717e+002, 5.01525970e+002, 2.80787476e+002,
       5.30370300e+002, 2.79051575e+002, 4.44511688e+002,
       3.11886292e+002, 4.73438293e+002, 3.10347168e+002,
       5.02071960e+002, 3.08530701e+002, 5.30700745e+002,
       3.06838928e+002, 4.78572845e+002, 1.11072021e+002,
       5.12461914e+002, 1.12810143e+002, 5.46701050e+002,
       1.14301025e+002, 5.81882202e+002, 1.15482040e+002,
       4.74200348e+002, 1.42058212e+002, 5.07341492e+002,
       1.43645248e+002, 5.40689575e+002, 1.45413803e+002,
       5.74657593e+002, 1.46826508e+002, 4.69857025e+002,
       1.71859146e+002, 5.02329285e+002, 1.73627548e+002,
       5.34976929e+002, 1.75266632e+002, 5.68071716e+002,
       1.76924133e+002, 4.65726837e+002, 2.00750458e+002,
       4.97543915e+002, 2.02344131e+002, 5.29547363e+002,
       2.04031464e+002, 5.61718750e+002, 2.05644028e+002,
       4.61884033e+002, 2.28280548e+002, 4.93113312e+002,
       2.29967560e+002, 5.24452271e+002, 2.31508942e+002,
       5.55850586e+002, 2.33289124e+002, 4.38766907e+002,
       5.13430023e+001, 4.73065704e+002, 4.90094833e+001,
       5.07734131e+002, 4.64072647e+001, 5.43470276e+002,
       4.33583870e+001, 4.39324463e+002, 8.45380859e+001,
       4.72947510e+002, 8.25212936e+001, 5.06907257e+002,
       8.05036392e+001, 5.41687805e+002, 7.80062027e+001,
       4.39815094e+002, 1.17019714e+002, 4.72913757e+002,
       1.15130211e+002, 5.06534607e+002, 1.13220589e+002,
       5.40383728e+002, 1.11037750e+002, 4.40379395e+002,
       1.48464142e+002, 4.72933167e+002, 1.46582825e+002,
       5.05723145e+002, 1.44995361e+002, 5.39026794e+002,
       1.43125793e+002, 4.40586548e+002, 1.78959732e+002,
       4.72940155e+002, 1.77328568e+002, 5.05341553e+002,
       1.75591324e+002, 5.38011414e+002, 1.74060669e+002,
       3.54417053e+002, 7.19919128e+001, 3.89315979e+002,
       7.07733612e+001, 4.24257355e+002, 6.96831055e+001,
       4.59610352e+002, 6.83219070e+001, 3.54940033e+002,
       1.05750504e+002, 3.89262665e+002, 1.04787186e+002,
       4.23677826e+002, 1.03462967e+002, 4.58271729e+002,
       1.02688805e+002, 3.55375519e+002, 1.38492172e+002,
       3.89170776e+002, 1.37594162e+002, 4.23005615e+002,
       1.36781494e+002, 4.57337402e+002, 1.35513580e+002,
